time,HEAD_OBS
1.000000000000,1.363024046
3306.866790038,1.153640431
6943.320259079,1.145467979
10943.41907502,1.145175442
15343.52777256,1.144628608
20183.64733986,1.144055037
25507.77886388,1.143828265
31364.32354031,1.143449679
37806.52268438,1.143217561
44892.94174285,1.142750812
52688.00270717,1.142484349
61262.56976793,1.141915049
70694.59353476,1.141548701
81069.81967827,1.140914426
92482.56843614,1.140412269
105036.5920698,1.138938862
118846.0180668,1.138888785
134036.3866635,1.137486493
150745.7921199,1.137298935
169126.1381219,1.135653534
189344.5187242,1.135233912
211584.7373866,1.133422164
236048.9779153,1.132930889
262959.6424969,1.130809307
292561.3735366,1.130159585
325123.2776803,1.127688389
360941.3722384,1.125807963
400341.2762523,1.123784909
443681.1706675,1.121221664
491355.0545243,1.119019683
543796.3267668,1.116993034
601481.7262335,1.113846913
664935.6656469,1.110911145
734734.9990017,1.107914839
811514.2656919,1.104544283
895971.4590511,1.101026987
988874.3717462,1.097232197
1091067.575711,1.093215631
1203480.100072,1.088708267
1327133.876869,1.084267455
1463153.031346,1.079358632
1612774.101271,1.074304828
1777357.278188,1.069093198
1958398.772797,1.063504282
2157544.416867,1.057724734
2376604.625343,1.051269375
2617570.854668,1.045176197
2882633.706924,1.039074288
3174202.844407,1.032178938
3494928.895638,1.025271200
3847727.551991,1.018221098
4235806.073981,1.010979979
4662692.448169,1.003614681
5132267.459776,0.9926578209
5648799.972543,0.9838477612
6216985.736588,0.9751655105
6841990.077036,0.9663626048
7529494.851530,0.9575174939
8285750.103473,0.9486033203
9117630.880610,0.9397002822
10032699.73546,0.9308400798
11039275.47580,0.9220678052
12146508.79017,0.9067882378
13364465.43597,0.8954951519
14704217.74636,0.8789086723
16177945.28779,0.8665325209
17799045.58336,0.8489413049
19582255.90848,0.8352490775
21543787.26612,0.8154474863
23701471.75952,0.8007548899
26074924.70227,0.7799331738
28685722.93928,0.7651648895
31557601.00000,0.7422261445
